# IMAGE_ID, QW, QX, QY, QZ, TX, TY, TZ, CAMERA_ID, NAME
# POINTS2D[] as (X, Y, POINT3D_ID)
1 1.0000000000 0.0000000000 0.0000000000 0.0000000000 0.0000000000 0.0000000000 0.0000000000 1 frame_0000_front.jpg

2 0.7071067812 0.0000000000 0.7071067812 0.0000000000 0.0000000000 0.0000000000 0.0000000000 1 frame_0000_right.jpg

3 0.0000000000 0.0000000000 1.0000000000 0.0000000000 0.0000000000 0.0000000000 0.0000000000 1 frame_0000_back.jpg

4 0.7071067812 0.0000000000 -0.7071067812 0.0000000000 0.0000000000 0.0000000000 0.0000000000 1 frame_0000_left.jpg

5 0.9998406203 0.0020520708 0.0175292670 0.0026921725 -0.0003821574 -0.0001626859 -0.0219115644 1 frame_0001_front.jpg

6 0.6945990192 0.0033546866 0.7193891463 0.0004526202 -0.0003821574 -0.0001626859 -0.0219115644 1 frame_0001_right.jpg

7 -0.0175292670 0.0026921725 0.9998406203 -0.0020520708 -0.0003821574 -0.0001626859 -0.0219115644 1 frame_0001_back.jpg

8 0.7193891463 -0.0004526202 -0.6945990192 0.0033546866 -0.0003821574 -0.0001626859 -0.0219115644 1 frame_0001_left.jpg

9 0.9988543450 0.0030921788 0.0477537313 0.0001307473 -0.0042250868 -0.0004395607 -0.0650303134 1 frame_0002_front.jpg

10 0.6725296935 0.0022789529 0.7400636680 -0.0020940483 -0.0042250868 -0.0004395607 -0.0650303134 1 frame_0002_right.jpg

11 -0.0477537313 0.0001307473 0.9988543450 -0.0030921788 -0.0042250868 -0.0004395607 -0.0650303134 1 frame_0002_back.jpg

12 0.7400636680 0.0020940483 -0.6725296935 0.0022789529 -0.0042250868 -0.0004395607 -0.0650303134 1 frame_0002_left.jpg

13 0.9989321113 0.0052421899 0.0458080326 -0.0029632127 -0.0053943684 -0.0004888297 -0.1078121183 1 frame_0003_front.jpg

14 0.6739604993 0.0016114802 0.7387428403 -0.0058020958 -0.0053943684 -0.0004888297 -0.1078121183 1 frame_0003_right.jpg

15 -0.0458080326 -0.0029632127 0.9989321113 -0.0052421899 -0.0053943684 -0.0004888297 -0.1078121183 1 frame_0003_back.jpg

16 0.7387428403 0.0058020958 -0.6739604993 0.0016114802 -0.0053943684 -0.0004888297 -0.1078121183 1 frame_0003_left.jpg

17 0.9998258563 0.0025376464 -0.0182506199 0.0029550411 0.0092623085 -0.0014467670 -0.1515598973 1 frame_0004_front.jpg

18 0.7198887801 0.0038839166 0.6940785059 0.0002951426 0.0092623085 -0.0014467670 -0.1515598973 1 frame_0004_right.jpg

19 0.0182506199 0.0029550411 0.9998258563 -0.0025376464 0.0092623085 -0.0014467670 -0.1515598973 1 frame_0004_back.jpg

20 0.6940785059 -0.0002951426 -0.7198887801 0.0038839166 0.0092623085 -0.0014467670 -0.1515598973 1 frame_0004_left.jpg

21 0.9979035409 0.0055137792 -0.0644672867 0.0014457345 0.0221328158 -0.0006102462 -0.1941011122 1 frame_0005_front.jpg

22 0.7512096164 0.0049211194 0.6600391052 -0.0028765420 0.0221328158 -0.0006102462 -0.1941011122 1 frame_0005_right.jpg

23 0.0644672867 0.0014457345 0.9979035409 -0.0055137792 0.0221328158 -0.0006102462 -0.1941011122 1 frame_0005_back.jpg

24 0.6600391052 0.0028765420 -0.7512096164 0.0049211194 0.0221328158 -0.0006102462 -0.1941011122 1 frame_0005_left.jpg

25 0.9967718464 0.0029834906 -0.0802299169 0.0003812948 0.0262517241 -0.0017854247 -0.2363898182 1 frame_0006_front.jpg

26 0.7615552502 0.0023792626 0.6480930136 -0.0018400303 0.0262517241 -0.0017854247 -0.2363898182 1 frame_0006_right.jpg

27 0.0802299169 0.0003812948 0.9967718464 -0.0029834906 0.0262517241 -0.0017854247 -0.2363898182 1 frame_0006_back.jpg

28 0.6480930136 0.0018400303 -0.7615552502 0.0023792626 0.0262517241 -0.0017854247 -0.2363898182 1 frame_0006_left.jpg

29 0.9972825789 0.0051293441 -0.0733899940 0.0038802521 0.0222010129 -0.0007856154 -0.2801258108 1 frame_0007_front.jpg

30 0.7570798367 0.0063707466 0.6532907119 -0.0008832414 0.0222010129 -0.0007856154 -0.2801258108 1 frame_0007_right.jpg

31 0.0733899940 0.0038802521 0.9972825789 -0.0051293441 0.0222010129 -0.0007856154 -0.2801258108 1 frame_0007_back.jpg

32 0.6532907119 0.0008832414 -0.7570798367 0.0063707466 0.0222010129 -0.0007856154 -0.2801258108 1 frame_0007_left.jpg

33 0.9976455836 0.0024703406 -0.0685360201 0.0000293662 0.0167066187 -0.0025479970 -0.3226342299 1 frame_0008_front.jpg

34 0.7539042420 0.0017675596 0.6569796728 -0.0017260296 0.0167066187 -0.0025479970 -0.3226342299 1 frame_0008_right.jpg

35 0.0685360201 0.0000293662 0.9976455836 -0.0024703406 0.0167066187 -0.0025479970 -0.3226342299 1 frame_0008_back.jpg

36 0.6569796728 0.0017260296 -0.7539042420 0.0017675596 0.0167066187 -0.0025479970 -0.3226342299 1 frame_0008_left.jpg

37 0.9987333387 0.0008282342 -0.0502851697 -0.0015600971 0.0027065477 -0.0038276280 -0.3654199059 1 frame_0009_front.jpg

38 0.7417681009 -0.0005175052 0.6706541319 -0.0016888053 0.0027065477 -0.0038276280 -0.3654199059 1 frame_0009_right.jpg

39 0.0502851697 -0.0015600971 0.9987333387 -0.0008282342 0.0027065477 -0.0038276280 -0.3654199059 1 frame_0009_back.jpg

40 0.6706541319 0.0016888053 -0.7417681009 -0.0005175052 0.0027065477 -0.0038276280 -0.3654199059 1 frame_0009_left.jpg

41 0.9994498285 -0.0007431481 -0.0330816925 0.0022560383 -0.0112460477 -0.0053554389 -0.4079656252 1 frame_0010_front.jpg

42 0.7301100403 0.0010697749 0.6833254621 0.0021207451 -0.0112460477 -0.0053554389 -0.4079656252 1 frame_0010_right.jpg

43 0.0330816925 0.0022560383 0.9994498285 0.0007431481 -0.0112460477 -0.0053554389 -0.4079656252 1 frame_0010_back.jpg

44 0.6833254621 -0.0021207451 -0.7301100403 0.0010697749 -0.0112460477 -0.0053554389 -0.4079656252 1 frame_0010_left.jpg

45 0.9997846730 0.0015409239 -0.0204186898 0.0033630799 -0.0232420623 -0.0037116247 -0.4506458026 1 frame_0011_front.jpg

46 0.7213927160 0.0034676543 0.6925163280 0.0012884589 -0.0232420623 -0.0037116247 -0.4506458026 1 frame_0011_right.jpg

47 0.0204186898 0.0033630799 0.9997846730 -0.0015409239 -0.0232420623 -0.0037116247 -0.4506458026 1 frame_0011_back.jpg

48 0.6925163280 -0.0012884589 -0.7213927160 0.0034676543 -0.0232420623 -0.0037116247 -0.4506458026 1 frame_0011_left.jpg

49 0.9999702517 0.0030604745 -0.0064690130 -0.0028776868 -0.0388669416 -0.0021455910 -0.4936240458 1 frame_0012_front.jpg

50 0.7116600289 0.0001292504 0.7025114630 -0.0041989141 -0.0388669416 -0.0021455910 -0.4936240458 1 frame_0012_right.jpg

51 0.0064690130 -0.0028776868 0.9999702517 -0.0030604745 -0.0388669416 -0.0021455910 -0.4936240458 1 frame_0012_back.jpg

52 0.7025114630 0.0041989141 -0.7116600289 0.0001292504 -0.0388669416 -0.0021455910 -0.4936240458 1 frame_0012_left.jpg

53 0.9999673215 -0.0038380834 0.0069446517 -0.0015482014 -0.0536541306 -0.0093113167 -0.5336287125 1 frame_0013_front.jpg

54 0.7021730637 -0.0038086785 0.7119942843 0.0016191911 -0.0536541306 -0.0093113167 -0.5336287125 1 frame_0013_right.jpg

55 -0.0069446517 -0.0015482014 0.9999673215 0.0038380834 -0.0536541306 -0.0093113167 -0.5336287125 1 frame_0013_back.jpg

56 0.7119942843 -0.0016191911 -0.7021730637 -0.0038086785 -0.0536541306 -0.0093113167 -0.5336287125 1 frame_0013_left.jpg

57 0.9999971634 0.0023195370 -0.0004548044 0.0002933662 -0.0467994725 -0.0031127718 -0.5788308568 1 frame_0014_front.jpg

58 0.7074263707 0.0018476015 0.7067831801 -0.0014327191 -0.0467994725 -0.0031127718 -0.5788308568 1 frame_0014_right.jpg

59 0.0004548044 0.0002933662 0.9999971634 -0.0023195370 -0.0467994725 -0.0031127718 -0.5788308568 1 frame_0014_back.jpg

60 0.7067831801 0.0014327191 -0.7074263707 0.0018476015 -0.0467994725 -0.0031127718 -0.5788308568 1 frame_0014_left.jpg

61 0.9988921781 0.0010477637 -0.0470455841 0.0001780370 0.0061825862 -0.0049067150 -0.6230193479 1 frame_0015_front.jpg

62 0.7395896844 0.0008667720 0.6730571813 -0.0006149896 0.0061825862 -0.0049067150 -0.6230193479 1 frame_0015_right.jpg

63 0.0470455841 0.0001780370 0.9988921781 -0.0010477637 0.0061825862 -0.0049067150 -0.6230193479 1 frame_0015_back.jpg

64 0.6730571813 0.0006149896 -0.7395896844 0.0008667720 0.0061825862 -0.0049067150 -0.6230193479 1 frame_0015_left.jpg

65 0.9982156928 -0.0072874630 -0.0592631905 -0.0004446169 0.0195820889 -0.0156545567 -0.6636775688 1 frame_0016_front.jpg

66 0.7477504894 -0.0054674061 0.6639396816 0.0048386229 0.0195820889 -0.0156545567 -0.6636775688 1 frame_0016_right.jpg

67 0.0592631905 -0.0004446169 0.9982156928 0.0072874630 0.0195820889 -0.0156545567 -0.6636775688 1 frame_0016_back.jpg

68 0.6639396816 -0.0048386229 -0.7477504894 -0.0054674061 0.0195820889 -0.0156545567 -0.6636775688 1 frame_0016_left.jpg

69 0.9973284948 -0.0018725712 -0.0729702688 -0.0027761240 0.0365026254 -0.0088058092 -0.7071174919 1 frame_0017_front.jpg

70 0.7568155136 -0.0032871239 0.6536199699 -0.0006389083 0.0365026254 -0.0088058092 -0.7071174919 1 frame_0017_right.jpg

71 0.0729702688 -0.0027761240 0.9973284948 0.0018725712 0.0365026254 -0.0088058092 -0.7071174919 1 frame_0017_back.jpg

72 0.6536199699 0.0006389083 -0.7568155136 -0.0032871239 0.0365026254 -0.0088058092 -0.7071174919 1 frame_0017_left.jpg

73 0.9895923679 -0.0042529459 -0.1437630095 0.0045885687 0.1384897627 -0.0124660635 -0.7373865221 1 frame_0018_front.jpg

74 0.8014032728 0.0002373211 0.5980916751 0.0062518949 0.1384897627 -0.0124660635 -0.7373865221 1 frame_0018_right.jpg

75 0.1437630095 0.0045885687 0.9895923679 0.0042529459 0.1384897627 -0.0124660635 -0.7373865221 1 frame_0018_back.jpg

76 0.5980916751 -0.0062518949 -0.8014032728 0.0002373211 0.1384897627 -0.0124660635 -0.7373865221 1 frame_0018_left.jpg

77 0.9799950485 -0.0077942666 -0.1988686956 0.0004430315 0.2182844949 -0.0184536396 -0.7602407864 1 frame_0019_front.jpg

78 0.8335825476 -0.0051981082 0.5523397411 0.0058246494 0.2182844949 -0.0184536396 -0.7602407864 1 frame_0019_right.jpg

79 0.1988686956 0.0004430315 0.9799950485 0.0077942666 0.2182844949 -0.0184536396 -0.7602407864 1 frame_0019_back.jpg

80 0.5523397411 -0.0058246494 -0.8335825476 -0.0051981082 0.2182844949 -0.0184536396 -0.7602407864 1 frame_0019_left.jpg

81 0.9741511441 -0.0010511053 -0.2258842542 -0.0021788115 0.2584955873 -0.0084180906 -0.7911736176 1 frame_0020_front.jpg

82 0.8485531679 -0.0022838960 0.5291045920 -0.0007974087 0.2584955873 -0.0084180906 -0.7911736176 1 frame_0020_right.jpg

83 0.2258842542 -0.0021788115 0.9741511441 0.0010511053 0.2584955873 -0.0084180906 -0.7911736176 1 frame_0020_back.jpg

84 0.5291045920 0.0007974087 -0.8485531679 -0.0022838960 0.2584955873 -0.0084180906 -0.7911736176 1 frame_0020_left.jpg

85 0.9642645609 0.0005248807 -0.2649386102 0.0010553978 0.3212905548 -0.0054991173 -0.8112153746 1 frame_0021_front.jpg

86 0.8691778978 0.0011174256 0.4944981220 0.0003751322 0.3212905548 -0.0054991173 -0.8112153746 1 frame_0021_right.jpg

87 0.2649386102 0.0010553978 0.9642645609 -0.0005248807 0.3212905548 -0.0054991173 -0.8112153746 1 frame_0021_back.jpg

88 -0.4944981220 0.0003751322 0.8691778978 -0.0011174256 0.3212905548 -0.0054991173 -0.8112153746 1 frame_0021_left.jpg

89 0.9436325139 -0.0039712059 -0.3309685026 -0.0013260999 0.4296561292 -0.0140525635 -0.8020360812 1 frame_0022_front.jpg

90 0.9012790221 -0.0037457608 0.4332188769 0.0018703724 0.4296561292 -0.0140525635 -0.8020360812 1 frame_0022_right.jpg

91 0.3309685026 -0.0013260999 0.9436325139 0.0039712059 0.4296561292 -0.0140525635 -0.8020360812 1 frame_0022_back.jpg

92 -0.4332188769 0.0018703724 0.9012790221 0.0037457608 0.4296561292 -0.0140525635 -0.8020360812 1 frame_0022_left.jpg

93 0.9254881824 -0.0032517914 -0.3787616833 -0.0007983445 0.5082319312 -0.0128489191 -0.7979748075 1 frame_0023_front.jpg

94 0.9222439244 -0.0028638786 0.3865940150 0.0017348490 0.5082319312 -0.0128489191 -0.7979748075 1 frame_0023_right.jpg

95 0.3787616833 -0.0007983445 0.9254881824 0.0032517914 0.5082319312 -0.0128489191 -0.7979748075 1 frame_0023_back.jpg

96 -0.3865940150 0.0017348490 0.9222439244 0.0028638786 0.5082319312 -0.0128489191 -0.7979748075 1 frame_0023_left.jpg

97 0.9121973809 -0.0026309803 -0.4097407048 0.0012534432 0.5601244552 -0.0110378532 -0.8048869623 1 frame_0024_front.jpg

98 0.9347513847 -0.0009740658 0.3552905229 0.0027467022 0.5601244552 -0.0110378532 -0.8048869623 1 frame_0024_right.jpg

99 0.4097407048 0.0012534432 0.9121973809 0.0026309803 0.5601244552 -0.0110378532 -0.8048869623 1 frame_0024_back.jpg

100 -0.3552905229 0.0027467022 0.9347513847 0.0009740658 0.5601244552 -0.0110378532 -0.8048869623 1 frame_0024_left.jpg

101 0.8956452488 -0.0031155181 -0.4447333464 0.0047045079 0.6201238498 -0.0108466099 -0.8019941814 1 frame_0025_front.jpg

102 0.9477907940 0.0011235855 0.3188428639 0.0055295934 0.6201238498 -0.0108466099 -0.8019941814 1 frame_0025_right.jpg

103 0.4447333464 0.0047045079 0.8956452488 0.0031155181 0.6201238498 -0.0108466099 -0.8019941814 1 frame_0025_back.jpg

104 -0.3188428639 0.0055295934 0.9477907940 -0.0011235855 0.6201238498 -0.0108466099 -0.8019941814 1 frame_0025_left.jpg

105 0.8716787423 -0.0009887167 -0.4900666469 0.0031423434 0.6983836006 -0.0070916754 -0.7782002045 1 frame_0026_front.jpg

106 0.9628993989 0.0015228441 0.2698405004 0.0029211006 0.6983836006 -0.0070916754 -0.7782002045 1 frame_0026_right.jpg

107 0.4900666469 0.0031423434 0.8716787423 0.0009887167 0.6983836006 -0.0070916754 -0.7782002045 1 frame_0026_back.jpg

108 -0.2698405004 0.0029211006 0.9628993989 -0.0015228441 0.6983836006 -0.0070916754 -0.7782002045 1 frame_0026_left.jpg

109 0.8368953504 -0.0048398923 -0.5473061852 0.0062199344 0.7961655703 -0.0130952538 -0.7209333244 1 frame_0027_front.jpg

110 0.9787782923 0.0009758371 0.2047704624 0.0078204784 0.7961655703 -0.0130952538 -0.7209333244 1 frame_0027_right.jpg

111 0.5473061852 0.0062199344 0.8368953504 0.0048398923 0.7961655703 -0.0130952538 -0.7209333244 1 frame_0027_back.jpg

112 -0.2047704624 0.0078204784 0.9787782923 -0.0009758371 0.7961655703 -0.0130952538 -0.7209333244 1 frame_0027_left.jpg

113 0.8148523156 -0.0016855098 -0.5796552061 0.0035643927 0.8485934888 -0.0076472688 -0.7001915100 1 frame_0028_front.jpg

114 0.9860657250 0.0013285708 0.1663094710 0.0037122417 0.8485934888 -0.0076472688 -0.7001915100 1 frame_0028_right.jpg

115 0.5796552061 0.0035643927 0.8148523156 0.0016855098 0.8485934888 -0.0076472688 -0.7001915100 1 frame_0028_back.jpg

116 -0.1663094710 0.0037122417 0.9860657250 -0.0013285708 0.8485934888 -0.0076472688 -0.7001915100 1 frame_0028_left.jpg

117 0.8029138241 -0.0106292488 -0.5959893307 0.0036232455 0.8735624394 -0.0266922202 -0.7066802214 1 frame_0029_front.jpg

118 0.9891739069 -0.0049539925 0.1463177125 0.0100780354 0.8735624394 -0.0266922202 -0.7066802214 1 frame_0029_right.jpg

119 0.5959893307 0.0036232455 0.8029138241 0.0106292488 0.8735624394 -0.0266922202 -0.7066802214 1 frame_0029_back.jpg

120 -0.1463177125 0.0100780354 0.9891739069 0.0049539925 0.8735624394 -0.0266922202 -0.7066802214 1 frame_0029_left.jpg

121 0.7976193799 -0.0045429029 -0.6031404771 0.0020619694 0.8846545600 -0.0143355707 -0.7351034495 1 frame_0030_front.jpg

122 0.9904867937 -0.0017542849 0.1375173510 0.0046703500 0.8846545600 -0.0143355707 -0.7351034495 1 frame_0030_right.jpg

123 0.6031404771 0.0020619694 0.7976193799 0.0045429029 0.8846545600 -0.0143355707 -0.7351034495 1 frame_0030_back.jpg

124 -0.1375173510 0.0046703500 0.9904867937 0.0017542849 0.8846545600 -0.0143355707 -0.7351034495 1 frame_0030_left.jpg

125 0.7925212240 -0.0041000035 -0.6098211790 0.0033806933 0.8953431173 -0.0128651272 -0.7632168181 1 frame_0031_front.jpg

126 0.9916058227 -0.0005086291 0.1291884408 0.0052896514 0.8953431173 -0.0128651272 -0.7632168181 1 frame_0031_right.jpg

127 0.6098211790 0.0033806933 0.7925212240 0.0041000035 0.8953431173 -0.0128651272 -0.7632168181 1 frame_0031_back.jpg

128 -0.1291884408 0.0052896514 0.9916058227 0.0005086291 0.8953431173 -0.0128651272 -0.7632168181 1 frame_0031_left.jpg

129 0.7919781932 -0.0106926127 -0.6104407069 0.0042840247 0.8940011313 -0.0281375814 -0.8032579334 1 frame_0032_front.jpg

130 0.9916599143 -0.0045315560 0.1283663876 0.0105900819 0.8940011313 -0.0281375814 -0.8032579334 1 frame_0032_right.jpg

131 0.6104407069 0.0042840247 0.7919781932 0.0106926127 0.8940011313 -0.0281375814 -0.8032579334 1 frame_0032_back.jpg

132 -0.1283663876 0.0105900819 0.9916599143 0.0045315560 0.8940011313 -0.0281375814 -0.8032579334 1 frame_0032_left.jpg

133 0.7893841086 -0.0033285289 -0.6138689096 0.0051586683 0.9002074229 -0.0103845308 -0.8396715412 1 frame_0033_front.jpg

134 0.9922497249 0.0012941040 0.1241079874 0.0060013547 0.9002074229 -0.0103845308 -0.8396715412 1 frame_0033_right.jpg

135 0.6138689096 0.0051586683 0.7893841086 0.0033285289 0.9002074229 -0.0103845308 -0.8396715412 1 frame_0033_back.jpg

136 -0.1241079874 0.0060013547 0.9922497249 -0.0012941040 0.9002074229 -0.0103845308 -0.8396715412 1 frame_0033_left.jpg

137 0.7701075700 -0.0073936106 -0.6378423330 0.0060682257 0.9489900802 -0.0195026342 -0.8242376956 1 frame_0034_front.jpg

138 0.9955709240 -0.0009371886 0.0935256460 0.0095189557 0.9489900802 -0.0195026342 -0.8242376956 1 frame_0034_right.jpg

139 0.6378423330 0.0060682257 0.7701075700 0.0073936106 0.9489900802 -0.0195026342 -0.8242376956 1 frame_0034_back.jpg

140 -0.0935256460 0.0095189557 0.9955709240 0.0009371886 0.9489900802 -0.0195026342 -0.8242376956 1 frame_0034_left.jpg

141 0.7305141526 -0.0102735081 -0.6828071080 0.0042404060 1.0396202129 -0.0268124967 -0.7467845948 1 frame_0035_front.jpg

142 0.9993690474 -0.0042660474 0.0337339747 0.0102628870 1.0396202129 -0.0268124967 -0.7467845948 1 frame_0035_right.jpg

143 0.6828071080 0.0042404060 0.7305141526 0.0102735081 1.0396202129 -0.0268124967 -0.7467845948 1 frame_0035_back.jpg

144 -0.0337339747 0.0102628870 0.9993690474 0.0042660474 1.0396202129 -0.0268124967 -0.7467845948 1 frame_0035_left.jpg

145 0.7137621870 -0.0098829984 -0.7002846411 0.0068766406 1.0734334608 -0.0241773230 -0.7381376362 1 frame_0036_front.jpg

146 0.9998821011 -0.0021258160 0.0095300641 0.0118508544 1.0734334608 -0.0241773230 -0.7381376362 1 frame_0036_right.jpg

147 0.7002846411 0.0068766406 0.7137621870 0.0098829984 1.0734334608 -0.0241773230 -0.7381376362 1 frame_0036_back.jpg

148 -0.0095300641 0.0118508544 0.9998821011 0.0021258160 1.0734334608 -0.0241773230 -0.7381376362 1 frame_0036_left.jpg

149 0.7057187031 -0.0079399949 -0.7083936282 0.0087484922 1.0886704463 -0.0181487814 -0.7565227537 1 frame_0037_front.jpg

150 0.9999284188 0.0005716939 -0.0018914577 0.0118005424 1.0886704463 -0.0181487814 -0.7565227537 1 frame_0037_right.jpg

151 0.7083936282 0.0087484922 0.7057187031 0.0079399949 1.0886704463 -0.0181487814 -0.7565227537 1 frame_0037_back.jpg

152 0.0018914577 0.0118005424 0.9999284188 -0.0005716939 1.0886704463 -0.0181487814 -0.7565227537 1 frame_0037_left.jpg

153 0.7001502009 -0.0029015632 -0.7139835196 0.0029682985 1.0985380329 -0.0075747692 -0.7835874823 1 frame_0038_front.jpg

154 0.9999435433 0.0000471890 -0.0097816335 0.0041506190 1.0985380329 -0.0075747692 -0.7835874823 1 frame_0038_right.jpg

155 0.7139835196 0.0029682985 0.7001502009 0.0029015632 1.0985380329 -0.0075747692 -0.7835874823 1 frame_0038_back.jpg

156 0.0097816335 0.0041506190 0.9999435433 -0.0000471890 1.0985380329 -0.0075747692 -0.7835874823 1 frame_0038_left.jpg

157 0.6999446984 -0.0090865051 -0.7141370705 0.0017604345 1.0958849219 -0.0247799656 -0.8250967148 1 frame_0039_front.jpg

158 0.9999068079 -0.0051803142 -0.0100355225 0.0076699446 1.0958849219 -0.0247799656 -0.8250967148 1 frame_0039_right.jpg

159 0.7141370705 0.0017604345 0.6999446984 0.0090865051 1.0958849219 -0.0247799656 -0.8250967148 1 frame_0039_back.jpg

160 0.0100355225 0.0076699446 0.9999068079 0.0051803142 1.0958849219 -0.0247799656 -0.8250967148 1 frame_0039_left.jpg

161 0.7016630855 -0.0091980702 -0.7124456805 -0.0023371614 1.0894276431 -0.0265903065 -0.8734960498 1 frame_0040_front.jpg

162 0.9999258978 -0.0081566405 -0.0076244460 0.0048513952 1.0894276431 -0.0265903065 -0.8734960498 1 frame_0040_right.jpg

163 0.7124456805 -0.0023371614 0.7016630855 0.0091980702 1.0894276431 -0.0265903065 -0.8734960498 1 frame_0040_back.jpg

164 0.0076244460 0.0048513952 0.9999258978 0.0081566405 1.0894276431 -0.0265903065 -0.8734960498 1 frame_0040_left.jpg

165 0.7018027070 -0.0114148672 -0.7122770349 0.0020215763 1.0873989040 -0.0317707780 -0.9153129929 1 frame_0041_front.jpg

166 0.9999053747 -0.0066420597 -0.0074064683 0.0095010003 1.0873989040 -0.0317707780 -0.9153129929 1 frame_0041_right.jpg

167 0.7122770349 0.0020215763 0.7018027070 0.0114148672 1.0873989040 -0.0317707780 -0.9153129929 1 frame_0041_back.jpg

168 0.0074064683 0.0095010003 0.9999053747 0.0066420597 1.0873989040 -0.0317707780 -0.9153129929 1 frame_0041_left.jpg

169 0.6871727326 -0.0071516000 -0.7264501890 0.0035514911 1.1232382936 -0.0191728292 -0.9132595992 1 frame_0042_front.jpg

170 0.9995823539 -0.0025456614 -0.0277733557 0.0075682283 1.1232382936 -0.0191728292 -0.9132595992 1 frame_0042_right.jpg

171 0.7264501890 0.0035514911 0.6871727326 0.0071516000 1.1232382936 -0.0191728292 -0.9132595992 1 frame_0042_back.jpg

172 0.0277733557 0.0075682283 0.9995823539 0.0025456614 1.1232382936 -0.0191728292 -0.9132595992 1 frame_0042_left.jpg

173 0.6770942359 -0.0137550393 -0.7357677429 -0.0001521453 1.1442917247 -0.0391725106 -0.9242505591 1 frame_0043_front.jpg

174 0.9990442861 -0.0098338645 -0.0414884347 0.0096186986 1.1442917247 -0.0391725106 -0.9242505591 1 frame_0043_right.jpg

175 0.7357677429 -0.0001521453 0.6770942359 0.0137550393 1.1442917247 -0.0391725106 -0.9242505591 1 frame_0043_back.jpg

176 0.0414884347 0.0096186986 0.9990442861 0.0098338645 1.1442917247 -0.0391725106 -0.9242505591 1 frame_0043_left.jpg

177 0.6699810216 -0.0111890237 -0.7422793602 0.0046462834 1.1612928535 -0.0305513328 -0.9436857274 1 frame_0044_front.jpg

178 0.9986188927 -0.0046264160 -0.0511226455 0.0111972531 1.1612928535 -0.0305513328 -0.9436857274 1 frame_0044_right.jpg

179 0.7422793602 0.0046462834 0.6699810216 0.0111890237 1.1612928535 -0.0305513328 -0.9436857274 1 frame_0044_back.jpg

180 0.0511226455 0.0111972531 0.9986188927 0.0046264160 1.1612928535 -0.0305513328 -0.9436857274 1 frame_0044_left.jpg

181 0.6670786150 -0.0093773107 -0.7449273420 0.0012010879 1.1666024721 -0.0257888544 -0.9786098086 1 frame_0045_front.jpg

182 0.9984389873 -0.0057814626 -0.0550473628 0.0074800574 1.1666024721 -0.0257888544 -0.9786098086 1 frame_0045_right.jpg

183 0.7449273420 0.0012010879 0.6670786150 0.0093773107 1.1666024721 -0.0257888544 -0.9786098086 1 frame_0045_back.jpg

184 0.0550473628 0.0074800574 0.9984389873 0.0057814626 1.1666024721 -0.0257888544 -0.9786098086 1 frame_0045_left.jpg

185 0.6640888247 -0.0081013475 -0.7475867197 0.0058734717 1.1733747399 -0.0215182313 -1.0106965312 1 frame_0046_front.jpg

186 0.9982053502 -0.0015753461 -0.0590419277 0.0098816895 1.1733747399 -0.0215182313 -1.0106965312 1 frame_0046_right.jpg

187 0.7475867197 0.0058734717 0.6640888247 0.0081013475 1.1733747399 -0.0215182313 -1.0106965312 1 frame_0046_back.jpg

188 0.0590419277 0.0098816895 0.9982053502 0.0015753461 1.1733747399 -0.0215182313 -1.0106965312 1 frame_0046_left.jpg

189 0.6629876592 -0.0053952299 -0.7485573612 0.0089516648 1.1751976943 -0.0130861407 -1.0494506951 1 frame_0047_front.jpg

190 0.9981130558 0.0025147793 -0.0605069165 0.0101447865 1.1751976943 -0.0130861407 -1.0494506951 1 frame_0047_right.jpg

191 0.7485573612 0.0089516648 0.6629876592 0.0053952299 1.1751976943 -0.0130861407 -1.0494506951 1 frame_0047_back.jpg

192 0.0605069165 0.0101447865 0.9981130558 -0.0025147793 1.1751976943 -0.0130861407 -1.0494506951 1 frame_0047_left.jpg

193 0.6632722633 -0.0094889963 -0.7482737293 0.0081418442 1.1720553344 -0.0262165044 -1.0922617391 1 frame_0048_front.jpg

194 0.9981137434 -0.0009525804 -0.0601051130 0.0124668869 1.1720553344 -0.0262165044 -1.0922617391 1 frame_0048_right.jpg

195 0.7482737293 0.0081418442 0.6632722633 0.0094889963 1.1720553344 -0.0262165044 -1.0922617391 1 frame_0048_back.jpg

196 0.0601051130 0.0124668869 0.9981137434 0.0009525804 1.1720553344 -0.0262165044 -1.0922617391 1 frame_0048_left.jpg

197 0.6701895527 -0.0037605737 -0.7421784690 0.0017151100 1.1495312187 -0.0073068892 -1.1577000586 1 frame_0049_front.jpg

198 0.9986950057 -0.0014463613 -0.0509038509 0.0038718930 1.1495312187 -0.0073068892 -1.1577000586 1 frame_0049_right.jpg

199 0.7421784690 0.0017151100 0.6701895527 0.0037605737 1.1495312187 -0.0073068892 -1.1577000586 1 frame_0049_back.jpg

200 0.0509038509 0.0038718930 0.9986950057 0.0014463613 1.1495312187 -0.0073068892 -1.1577000586 1 frame_0049_left.jpg

201 0.6780840783 -0.0032649004 -0.7349768277 -0.0006211445 1.1224751569 -0.0052184943 -1.2253257034 1 frame_0050_front.jpg

202 0.9991849489 -0.0027478487 -0.0402292489 0.0018694177 1.1224751569 -0.0052184943 -1.2253257034 1 frame_0050_right.jpg

203 0.7349768277 -0.0006211445 0.6780840783 0.0032649004 1.1224751569 -0.0052184943 -1.2253257034 1 frame_0050_back.jpg

204 0.0402292489 0.0018694177 0.9991849489 0.0027478487 1.1224751569 -0.0052184943 -1.2253257034 1 frame_0050_left.jpg

205 0.6858732380 -0.0059530604 -0.7276720329 0.0059895667 1.0944580775 -0.0162613419 -1.2899927347 1 frame_0051_front.jpg

206 0.9995274466 0.0000258139 -0.0295562113 0.0084447126 1.0944580775 -0.0162613419 -1.2899927347 1 frame_0051_right.jpg

207 0.7276720329 0.0059895667 0.6858732380 0.0059530604 1.0944580775 -0.0162613419 -1.2899927347 1 frame_0051_back.jpg

208 0.0295562113 0.0084447126 0.9995274466 -0.0000258139 1.0944580775 -0.0162613419 -1.2899927347 1 frame_0051_left.jpg

209 0.6918965176 -0.0054379993 -0.7219710567 0.0027258695 1.0706773288 -0.0134238100 -1.3513424693 1 frame_0052_front.jpg

210 0.9997553495 -0.0019177654 -0.0212659105 0.0057727270 1.0706773288 -0.0134238100 -1.3513424693 1 frame_0052_right.jpg

211 0.7219710567 0.0027258695 0.6918965176 0.0054379993 1.0706773288 -0.0134238100 -1.3513424693 1 frame_0052_back.jpg

212 0.0212659105 0.0057727270 0.9997553495 0.0019177654 1.0706773288 -0.0134238100 -1.3513424693 1 frame_0052_left.jpg

213 0.6987212216 -0.0031573573 -0.7153712896 0.0047543180 1.0434035294 -0.0067320762 -1.4139937327 1 frame_0053_front.jpg

214 0.9999144039 0.0011292217 -0.0117733760 0.0055943992 1.0434035294 -0.0067320762 -1.4139937327 1 frame_0053_right.jpg

215 0.7153712896 0.0047543180 0.6987212216 0.0031573573 1.0434035294 -0.0067320762 -1.4139937327 1 frame_0053_back.jpg

216 0.0117733760 0.0055943992 0.9999144039 -0.0011292217 1.0434035294 -0.0067320762 -1.4139937327 1 frame_0053_left.jpg

217 0.6762969734 -0.0083770089 -0.7365649553 0.0049291080 1.1277006661 -0.0247713751 -1.3887321259 1 frame_0054_front.jpg

218 0.9990442507 -0.0024380341 -0.0426158987 0.0094088455 1.1277006661 -0.0247713751 -1.3887321259 1 frame_0054_right.jpg

219 0.7365649553 0.0049291080 0.6762969734 0.0083770089 1.1277006661 -0.0247713751 -1.3887321259 1 frame_0054_back.jpg

220 0.0426158987 0.0094088455 0.9990442507 0.0024380341 1.1277006661 -0.0247713751 -1.3887321259 1 frame_0054_left.jpg

221 0.6140088703 -0.0088458580 -0.7892368498 0.0044780608 1.3392183406 -0.0254445967 -1.2303740839 1 frame_0055_front.jpg

222 0.9922445643 -0.0030884990 -0.1239048926 0.0094214334 1.3392183406 -0.0254445967 -1.2303740839 1 frame_0055_right.jpg

223 0.7892368498 0.0044780608 0.6140088703 0.0088458580 1.3392183406 -0.0254445967 -1.2303740839 1 frame_0055_back.jpg

224 0.1239048926 0.0094214334 0.9922445643 0.0030884990 1.3392183406 -0.0254445967 -1.2303740839 1 frame_0055_left.jpg

225 0.5404093184 -0.0120358400 -0.8412945435 0.0060330922 1.5391268346 -0.0358569017 -1.0133511267 1 frame_0056_front.jpg

226 0.9770121703 -0.0042445837 -0.2127579831 0.0127766645 1.5391268346 -0.0358569017 -1.0133511267 1 frame_0056_right.jpg

227 0.8412945435 0.0060330922 0.5404093184 0.0120358400 1.5391268346 -0.0358569017 -1.0133511267 1 frame_0056_back.jpg

228 0.2127579831 0.0127766645 0.9770121703 0.0042445837 1.5391268346 -0.0358569017 -1.0133511267 1 frame_0056_left.jpg

229 -0.4656593348 0.0107433418 0.8848886753 -0.0042422736 1.6919088438 -0.0297491493 -0.7775769351 1 frame_0057_front.jpg

230 0.9549816562 -0.0045969494 -0.2964399095 0.0105964303 1.6919088438 -0.0297491493 -0.7775769351 1 frame_0057_right.jpg

231 0.8848886753 0.0042422736 0.4656593348 0.0107433418 1.6919088438 -0.0297491493 -0.7775769351 1 frame_0057_back.jpg

232 0.2964399095 0.0105964303 0.9549816562 0.0045969494 1.6919088438 -0.0297491493 -0.7775769351 1 frame_0057_left.jpg

233 -0.3855430586 0.0161871817 0.9225450214 -0.0022822389 1.8027173786 -0.0493726126 -0.5112747803 1 frame_0058_front.jpg

234 0.9249579518 -0.0098322794 -0.3797177294 0.0130598525 1.8027173786 -0.0493726126 -0.5112747803 1 frame_0058_right.jpg

235 0.9225450214 0.0022822389 0.3855430586 0.0161871817 1.8027173786 -0.0493726126 -0.5112747803 1 frame_0058_back.jpg

236 0.3797177294 0.0130598525 0.9249579518 0.0098322794 1.8027173786 -0.0493726126 -0.5112747803 1 frame_0058_left.jpg

237 -0.3020715775 0.0170354121 0.9531213600 -0.0047148513 1.8659967176 -0.0493538879 -0.2279209313 1 frame_0059_front.jpg

238 0.8875554379 -0.0087119521 -0.4603617161 0.0153797587 1.8659967176 -0.0493538879 -0.2279209313 1 frame_0059_right.jpg

239 0.9531213600 0.0047148513 0.3020715775 0.0170354121 1.8659967176 -0.0493538879 -0.2279209313 1 frame_0059_back.jpg

240 0.4603617161 0.0153797587 0.8875554379 0.0087119521 1.8659967176 -0.0493538879 -0.2279209313 1 frame_0059_left.jpg

241 -0.2183087215 0.0177033092 0.9756989738 -0.0062775390 1.8785901685 -0.0477604158 0.0552858361 1 frame_0060_front.jpg

242 0.8442909381 -0.0080792396 -0.5355557834 0.0169570204 1.8785901685 -0.0477604158 0.0552858361 1 frame_0060_right.jpg

243 0.9756989738 0.0062775390 0.2183087215 0.0177033092 1.8785901685 -0.0477604158 0.0552858361 1 frame_0060_back.jpg

244 0.5355557834 0.0169570204 0.8442909381 0.0080792396 1.8785901685 -0.0477604158 0.0552858361 1 frame_0060_left.jpg

245 -0.1557809526 0.0198627129 0.9875841894 -0.0039033812 1.8558296938 -0.0556716977 0.2511830928 1 frame_0061_front.jpg

246 0.8084812452 -0.0112849516 -0.5881737094 0.0168051663 1.8558296938 -0.0556716977 0.2511830928 1 frame_0061_right.jpg

247 0.9875841894 0.0039033812 0.1557809526 0.0198627129 1.8558296938 -0.0556716977 0.2511830928 1 frame_0061_back.jpg

248 0.5881737094 0.0168051663 0.8084812452 0.0112849516 1.8558296938 -0.0556716977 0.2511830928 1 frame_0061_left.jpg

249 -0.0934319816 0.0175276702 0.9954539086 -0.0058958855 1.8107438101 -0.0427210208 0.4400067695 1 frame_0062_front.jpg

250 0.7699585969 -0.0082249138 -0.6378258214 0.0165629551 1.8107438101 -0.0427210208 0.4400067695 1 frame_0062_right.jpg

251 0.9954539086 0.0058958855 0.0934319816 0.0175276702 1.8107438101 -0.0427210208 0.4400067695 1 frame_0062_back.jpg

252 0.6378258214 0.0165629551 0.7699585969 0.0082249138 1.8107438101 -0.0427210208 0.4400067695 1 frame_0062_left.jpg

253 -0.0336255958 0.0154521417 0.9992822340 -0.0080973686 1.7454965186 -0.0303044356 0.6109581173 1 frame_0063_front.jpg

254 0.7303761308 -0.0052006100 -0.6828223572 0.0166520184 1.7454965186 -0.0303044356 0.6109581173 1 frame_0063_right.jpg

255 0.9992822340 0.0080973686 0.0336255958 0.0154521417 1.7454965186 -0.0303044356 0.6109581173 1 frame_0063_back.jpg

256 0.6828223572 0.0166520184 0.7303761308 0.0052006100 1.7454965186 -0.0303044356 0.6109581173 1 frame_0063_left.jpg

257 0.0364921681 0.0140287635 0.9992210517 -0.0053670642 1.6436557187 -0.0267687520 0.8063049328 1 frame_0064_front.jpg

258 0.6807521220 -0.0061247463 -0.7323598410 0.0137149212 1.6436557187 -0.0267687520 0.8063049328 1 frame_0064_right.jpg

259 0.9992210517 0.0053670642 -0.0364921681 0.0140287635 1.6436557187 -0.0267687520 0.8063049328 1 frame_0064_back.jpg

260 0.7323598410 0.0137149212 0.6807521220 0.0061247463 1.6436557187 -0.0267687520 0.8063049328 1 frame_0064_left.jpg

261 0.1051485082 0.0159983055 0.9943188735 -0.0042217478 1.5170031668 -0.0326173184 0.9818162529 1 frame_0065_front.jpg

262 0.6287383950 -0.0083272838 -0.7774408413 0.0142977368 1.5170031668 -0.0326173184 0.9818162529 1 frame_0065_right.jpg

263 0.9943188735 0.0042217478 -0.1051485082 0.0159983055 1.5170031668 -0.0326173184 0.9818162529 1 frame_0065_back.jpg

264 0.7774408413 0.0142977368 0.6287383950 0.0083272838 1.5170031668 -0.0326173184 0.9818162529 1 frame_0065_left.jpg

265 0.1494464580 0.0130187562 0.9886392020 -0.0094231890 1.4229151549 -0.0127743615 1.0717559217 1 frame_0066_front.jpg

266 0.5933988800 -0.0025424499 -0.8047480877 0.0158688516 1.4229151549 -0.0127743615 1.0717559217 1 frame_0066_right.jpg

267 0.9886392020 0.0094231890 -0.1494464580 0.0130187562 1.4229151549 -0.0127743615 1.0717559217 1 frame_0066_back.jpg

268 0.8047480877 0.0158688516 0.5933988800 0.0025424499 1.4229151549 -0.0127743615 1.0717559217 1 frame_0066_left.jpg

269 0.1668298680 0.0104383759 0.9858780392 -0.0101650049 1.3831337570 -0.0030623550 1.0795147109 1 frame_0067_front.jpg

270 0.5791545159 -0.0001933025 -0.8150875779 0.0145687902 1.3831337570 -0.0030623550 1.0795147109 1 frame_0067_right.jpg

271 0.9858780392 0.0101650049 -0.1668298680 0.0104383759 1.3831337570 -0.0030623550 1.0795147109 1 frame_0067_back.jpg

272 0.8150875779 0.0145687902 0.5791545159 0.0001933025 1.3831337570 -0.0030623550 1.0795147109 1 frame_0067_left.jpg

273 0.1747796534 0.0137765272 0.9845019268 -0.0042703967 1.3631384076 -0.0227563225 1.0591002948 1 frame_0068_front.jpg

274 0.5725601104 -0.0067218494 -0.8197358666 0.0127611023 1.3631384076 -0.0227563225 1.0591002948 1 frame_0068_right.jpg

275 0.9845019268 0.0042703967 -0.1747796534 0.0137765272 1.3631384076 -0.0227563225 1.0591002948 1 frame_0068_back.jpg

276 0.8197358666 0.0127611023 0.5725601104 0.0067218494 1.3631384076 -0.0227563225 1.0591002948 1 frame_0068_left.jpg

277 0.1792149089 0.0110981342 0.9837294129 -0.0059405496 1.3524406146 -0.0118609599 1.0315219235 1 frame_0069_front.jpg

278 0.5688776613 -0.0036469630 -0.8223258161 0.0120481688 1.3524406146 -0.0118609599 1.0315219235 1 frame_0069_right.jpg

279 0.9837294129 0.0059405496 -0.1792149089 0.0110981342 1.3524406146 -0.0118609599 1.0315219235 1 frame_0069_back.jpg

280 0.8223258161 0.0120481688 0.5688776613 0.0036469630 1.3524406146 -0.0118609599 1.0315219235 1 frame_0069_left.jpg

281 0.1510800871 0.0125992153 0.9884101413 -0.0078396244 1.4062400109 -0.0147234008 0.9129234119 1 frame_0070_front.jpg

282 0.5920817594 -0.0033655390 -0.8057412676 0.0144524421 1.4062400109 -0.0147234008 0.9129234119 1 frame_0070_right.jpg

283 0.9884101413 0.0078396244 -0.1510800871 0.0125992153 1.4062400109 -0.0147234008 0.9129234119 1 frame_0070_back.jpg

284 0.8057412676 0.0144524421 0.5920817594 0.0033655390 1.4062400109 -0.0147234008 0.9129234119 1 frame_0070_left.jpg

285 0.0802305373 0.0111611025 0.9967026730 -0.0047193577 1.5189336504 -0.0167726071 0.6605437865 1 frame_0071_front.jpg

286 0.6480436619 -0.0045550014 -0.7615067759 0.0112291811 1.5189336504 -0.0167726071 0.6605437865 1 frame_0071_right.jpg

287 0.9967026730 0.0047193577 -0.0802305373 0.0111611025 1.5189336504 -0.0167726071 0.6605437865 1 frame_0071_back.jpg

288 0.7615067759 0.0112291811 0.6480436619 0.0045550014 1.5189336504 -0.0167726071 0.6605437865 1 frame_0071_left.jpg

289 0.0398942782 0.0098502874 0.9991224561 -0.0081077770 1.5652450353 -0.0106771072 0.4937104167 1 frame_0072_front.jpg

290 0.6782767493 -0.0012321409 -0.7346957786 0.0126982692 1.5652450353 -0.0106771072 0.4937104167 1 frame_0072_right.jpg

291 0.9991224561 0.0081077770 -0.0398942782 0.0098502874 1.5652450353 -0.0106771072 0.4937104167 1 frame_0072_back.jpg

292 0.7346957786 0.0126982692 0.6782767493 0.0012321409 1.5652450353 -0.0106771072 0.4937104167 1 frame_0072_left.jpg

293 0.0127066828 0.0107893654 0.9998330326 -0.0074857739 1.5878386596 -0.0153948877 0.3655887743 1 frame_0073_front.jpg

294 0.6980037358 -0.0023359920 -0.7159736989 0.0129224749 1.5878386596 -0.0153948877 0.3655887743 1 frame_0073_right.jpg

295 0.9998330326 0.0074857739 -0.0127066828 0.0107893654 1.5878386596 -0.0153948877 0.3655887743 1 frame_0073_back.jpg

296 0.7159736989 0.0129224749 0.6980037358 0.0023359920 1.5878386596 -0.0153948877 0.3655887743 1 frame_0073_left.jpg

297 -0.0093277171 0.0112986045 0.9998543426 -0.0087537902 1.6002601468 -0.0170317315 0.2544955781 1 frame_0074_front.jpg

298 0.7135994778 -0.0017994555 -0.7004080938 0.0141791843 1.6002601468 -0.0170317315 0.2544955781 1 frame_0074_right.jpg

299 0.9998543426 0.0087537902 0.0093277171 0.0112986045 1.6002601468 -0.0170317315 0.2544955781 1 frame_0074_back.jpg

300 0.7004080938 0.0141791843 0.7135994778 0.0017994555 1.6002601468 -0.0170317315 0.2544955781 1 frame_0074_left.jpg

301 -0.0227135625 0.0134235418 0.9996176585 -0.0082728092 1.6044557193 -0.0246090763 0.1737168203 1 frame_0075_front.jpg

302 0.7228973390 -0.0036421180 -0.6907755109 0.0153416369 1.6044557193 -0.0246090763 0.1737168203 1 frame_0075_right.jpg

303 0.9996176585 0.0082728092 0.0227135625 0.0134235418 1.6044557193 -0.0246090763 0.1737168203 1 frame_0075_back.jpg

304 0.6907755109 0.0153416369 0.7228973390 0.0036421180 1.6044557193 -0.0246090763 0.1737168203 1 frame_0075_left.jpg

305 -0.0069307571 0.0117549749 0.9998354407 -0.0119531029 1.5974287228 -0.0174700770 0.1829173406 1 frame_0076_front.jpg

306 0.7118912056 0.0001400976 -0.7020896348 0.0167641426 1.5974287228 -0.0174700770 0.1829173406 1 frame_0076_right.jpg

307 0.9998354407 0.0119531029 0.0069307571 0.0117549749 1.5974287228 -0.0174700770 0.1829173406 1 frame_0076_back.jpg

308 0.7020896348 0.0167641426 0.7118912056 -0.0001400976 1.5974287228 -0.0174700770 0.1829173406 1 frame_0076_left.jpg

309 0.0590363491 0.0133529579 0.9981469053 -0.0062580669 1.5594143559 -0.0231475134 0.3490049697 1 frame_0077_front.jpg

310 0.6640514426 -0.0050168455 -0.7475414482 0.0138670886 1.5594143559 -0.0231475134 0.3490049697 1 frame_0077_right.jpg

311 0.9981469053 0.0062580669 -0.0590363491 0.0133529579 1.5594143559 -0.0231475134 0.3490049697 1 frame_0077_back.jpg

312 0.7475414482 0.0138670886 0.6640514426 0.0050168455 1.5594143559 -0.0231475134 0.3490049697 1 frame_0077_left.jpg

313 0.0920840766 0.0091704887 0.9956665873 -0.0091908645 1.5322905122 -0.0077317335 0.4107284521 1 frame_0078_front.jpg

314 0.6389293206 0.0000144079 -0.7691558707 0.0129834374 1.5322905122 -0.0077317335 0.4107284521 1 frame_0078_right.jpg

315 0.9956665873 0.0091908645 -0.0920840766 0.0091704887 1.5322905122 -0.0077317335 0.4107284521 1 frame_0078_back.jpg

316 0.7691558707 0.0129834374 0.6389293206 -0.0000144079 1.5322905122 -0.0077317335 0.4107284521 1 frame_0078_left.jpg

317 0.0926860582 0.0124635184 0.9955970591 -0.0063601366 1.5295047838 -0.0196865905 0.3746443682 1 frame_0079_front.jpg

318 0.6384544915 -0.0043157426 -0.7695323720 0.0133103341 1.5295047838 -0.0196865905 0.3746443682 1 frame_0079_right.jpg

319 0.9955970591 0.0063601366 -0.0926860582 0.0124635184 1.5295047838 -0.0196865905 0.3746443682 1 frame_0079_back.jpg

320 0.7695323720 0.0133103341 0.6384544915 0.0043157426 1.5295047838 -0.0196865905 0.3746443682 1 frame_0079_left.jpg

321 0.0846037735 0.0121281260 0.9962855546 -0.0104978022 1.5336878027 -0.0174546687 0.3133293892 1 frame_0080_front.jpg

322 0.6446563697 -0.0011528130 -0.7643041736 0.0159989473 1.5336878027 -0.0174546687 0.3133293892 1 frame_0080_right.jpg

323 0.9962855546 0.0104978022 -0.0846037735 0.0121281260 1.5336878027 -0.0174546687 0.3133293892 1 frame_0080_back.jpg

324 0.7643041736 0.0159989473 0.6446563697 0.0011528130 1.5336878027 -0.0174546687 0.3133293892 1 frame_0080_left.jpg

325 0.0706850209 0.0123664052 0.9973922457 -0.0077076653 1.5401506223 -0.0196984978 0.2324068558 1 frame_0081_front.jpg

326 0.6552809628 -0.0032942265 -0.7552446781 0.0141945113 1.5401506223 -0.0196984978 0.2324068558 1 frame_0081_right.jpg

327 0.9973922457 0.0077076653 -0.0706850209 0.0123664052 1.5401506223 -0.0196984978 0.2324068558 1 frame_0081_back.jpg

328 0.7552446781 0.0141945113 0.6552809628 0.0032942265 1.5401506223 -0.0196984978 0.2324068558 1 frame_0081_left.jpg

329 0.0562274630 0.0143158634 0.9982856367 -0.0077016925 1.5442854590 -0.0262532345 0.1498360826 1 frame_0082_front.jpg

330 0.6661357229 -0.0046769250 -0.7456533636 0.0155687631 1.5442854590 -0.0262532345 0.1498360826 1 frame_0082_right.jpg

331 0.9982856367 0.0077016925 -0.0562274630 0.0143158634 1.5442854590 -0.0262532345 0.1498360826 1 frame_0082_back.jpg

332 0.7456533636 0.0155687631 0.6661357229 0.0046769250 1.5442854590 -0.0262532345 0.1498360826 1 frame_0082_left.jpg

333 0.0428308637 0.0165515039 0.9989365856 -0.0041548412 1.5456348918 -0.0340651934 0.0696328435 1 frame_0083_front.jpg

334 0.6760688395 -0.0087657643 -0.7366408279 0.0146415970 1.5456348918 -0.0340651934 0.0696328435 1 frame_0083_right.jpg

335 0.9989365856 0.0041548412 -0.0428308637 0.0165515039 1.5456348918 -0.0340651934 0.0696328435 1 frame_0083_back.jpg

336 0.7366408279 0.0146415970 0.6760688395 0.0087657643 1.5456348918 -0.0340651934 0.0696328435 1 frame_0083_left.jpg

337 0.0304937705 0.0158668519 0.9993939951 -0.0054786489 1.5453882349 -0.0322317833 -0.0060924304 1 frame_0084_front.jpg

338 0.6851159191 -0.0073455688 -0.7282406229 0.0150935484 1.5453882349 -0.0322317833 -0.0060924304 1 frame_0084_right.jpg

339 0.9993939951 0.0054786489 -0.0304937705 0.0158668519 1.5453882349 -0.0322317833 -0.0060924304 1 frame_0084_back.jpg

340 0.7282406229 0.0150935484 0.6851159191 0.0073455688 1.5453882349 -0.0322317833 -0.0060924304 1 frame_0084_left.jpg

341 0.0193136711 0.0156252270 0.9996804678 -0.0046686962 1.5432701944 -0.0315259602 -0.0789748109 1 frame_0085_front.jpg

342 0.6932240100 -0.0077474372 -0.7205376656 0.0143499707 1.5432701944 -0.0315259602 -0.0789748109 1 frame_0085_right.jpg

343 0.9996804678 0.0046686962 -0.0193136711 0.0156252270 1.5432701944 -0.0315259602 -0.0789748109 1 frame_0085_back.jpg

344 0.7205376656 0.0143499707 0.6932240100 0.0077474372 1.5432701944 -0.0315259602 -0.0789748109 1 frame_0085_left.jpg

345 0.0105776601 0.0127406655 0.9998050403 -0.0107549996 1.5405785427 -0.0246327015 -0.1446324325 1 frame_0086_front.jpg

346 0.6994893887 -0.0014040778 -0.7144484590 0.0166139441 1.5405785427 -0.0246327015 -0.1446324325 1 frame_0086_right.jpg

347 0.9998050403 0.0107549996 -0.0105776601 0.0127406655 1.5405785427 -0.0246327015 -0.1446324325 1 frame_0086_back.jpg

348 0.7144484590 0.0166139441 0.6994893887 0.0014040778 1.5405785427 -0.0246327015 -0.1446324325 1 frame_0086_left.jpg

349 -0.0000518117 0.0163166555 0.9998373227 -0.0076871415 1.5348245120 -0.0350349271 -0.2167844553 1 frame_0087_front.jpg

350 0.7070283874 -0.0061019879 -0.7069551146 0.0169732476 1.5348245120 -0.0350349271 -0.2167844553 1 frame_0087_right.jpg

351 0.9998373227 0.0076871415 0.0000518117 0.0163166555 1.5348245120 -0.0350349271 -0.2167844553 1 frame_0087_back.jpg

352 0.7069551146 0.0169732476 0.7070283874 0.0061019879 1.5348245120 -0.0350349271 -0.2167844553 1 frame_0087_left.jpg

353 0.0027228740 0.0168458337 0.9998250397 -0.0076611941 1.5344741945 -0.0368176977 -0.2454582193 1 frame_0088_front.jpg

354 0.7050577028 -0.0064945210 -0.7089084283 0.0173290855 1.5344741945 -0.0368176977 -0.2454582193 1 frame_0088_right.jpg

355 0.9998250397 0.0076611941 -0.0027228740 0.0168458337 1.5344741945 -0.0368176977 -0.2454582193 1 frame_0088_back.jpg

356 0.7089084283 0.0173290855 0.7050577028 0.0064945210 1.5344741945 -0.0368176977 -0.2454582193 1 frame_0088_left.jpg

357 0.0351921825 0.0155572037 0.9992389686 -0.0064005799 1.5468589494 -0.0320670944 -0.1831785385 1 frame_0089_front.jpg

358 0.6816840198 -0.0064747107 -0.7314532816 0.0155264977 1.5468589494 -0.0320670944 -0.1831785385 1 frame_0089_right.jpg

359 0.9992389686 0.0064005799 -0.0351921825 0.0155572037 1.5468589494 -0.0320670944 -0.1831785385 1 frame_0089_back.jpg

360 0.7314532816 0.0155264977 0.6816840198 0.0064747107 1.5468589494 -0.0320670944 -0.1831785385 1 frame_0089_left.jpg

361 0.0520744923 0.0185754834 0.9984499476 -0.0063953675 1.5499269596 -0.0413696585 -0.1683959288 1 frame_0090_front.jpg

362 0.6691885021 -0.0086126426 -0.7428329553 0.0176570580 1.5499269596 -0.0413696585 -0.1683959288 1 frame_0090_right.jpg

363 0.9984499476 0.0063953675 -0.0520744923 0.0185754834 1.5499269596 -0.0413696585 -0.1683959288 1 frame_0090_back.jpg

364 0.7428329553 0.0176570580 0.6691885021 0.0086126426 1.5499269596 -0.0413696585 -0.1683959288 1 frame_0090_left.jpg

365 0.0497528231 0.0184008743 0.9985774803 -0.0053926139 1.5473515041 -0.0404369856 -0.2136186441 1 frame_0091_front.jpg

366 0.6709203493 -0.0091982292 -0.7412814664 0.0168245369 1.5473515041 -0.0404369856 -0.2136186441 1 frame_0091_right.jpg

367 0.9985774803 0.0053926139 -0.0497528231 0.0184008743 1.5473515041 -0.0404369856 -0.2136186441 1 frame_0091_back.jpg

368 0.7412814664 0.0168245369 0.6709203493 0.0091982292 1.5473515041 -0.0404369856 -0.2136186441 1 frame_0091_left.jpg

369 0.0384125801 0.0184405909 0.9990755707 -0.0056940547 1.5406937469 -0.0410111975 -0.2861229329 1 frame_0092_front.jpg

370 0.6792913151 -0.0090131622 -0.7336149069 0.0170657716 1.5406937469 -0.0410111975 -0.2861229329 1 frame_0092_right.jpg

371 0.9990755707 0.0056940547 -0.0384125801 0.0184405909 1.5406937469 -0.0410111975 -0.2861229329 1 frame_0092_back.jpg

372 0.7336149069 0.0170657716 0.6792913151 0.0090131622 1.5406937469 -0.0410111975 -0.2861229329 1 frame_0092_left.jpg

373 0.0278127430 0.0141886907 0.9995048858 -0.0038878741 1.5336983557 -0.0268480372 -0.3573334637 1 frame_0093_front.jpg

374 0.6870901035 -0.0072837773 -0.7264232618 0.0127820616 1.5336983557 -0.0268480372 -0.3573334637 1 frame_0093_right.jpg

375 0.9995048858 0.0038878741 -0.0278127430 0.0141886907 1.5336983557 -0.0268480372 -0.3573334637 1 frame_0093_back.jpg

376 0.7264232618 0.0127820616 0.6870901035 0.0072837773 1.5336983557 -0.0268480372 -0.3573334637 1 frame_0093_left.jpg

377 0.0216474777 0.0170639343 0.9996161167 -0.0027978724 1.5270114950 -0.0348785559 -0.4147003429 1 frame_0094_front.jpg

378 0.6915282564 -0.0100876291 -0.7221424130 0.0140444182 1.5270114950 -0.0348785559 -0.4147003429 1 frame_0094_right.jpg

379 0.9996161167 0.0027978724 -0.0216474777 0.0170639343 1.5270114950 -0.0348785559 -0.4147003429 1 frame_0094_back.jpg

380 0.7221424130 0.0140444182 0.6915282564 0.0100876291 1.5270114950 -0.0348785559 -0.4147003429 1 frame_0094_left.jpg

381 0.0316264319 0.0155039385 0.9993613354 -0.0060264362 1.5339012657 -0.0332603389 -0.4212679953 1 frame_0095_front.jpg

382 0.6842919126 -0.0067016061 -0.7290184416 0.0152242740 1.5339012657 -0.0332603389 -0.4212679953 1 frame_0095_right.jpg

383 0.9993613354 0.0060264362 -0.0316264319 0.0155039385 1.5339012657 -0.0332603389 -0.4212679953 1 frame_0095_back.jpg

384 0.7290184416 0.0152242740 0.6842919126 0.0067016061 1.5339012657 -0.0332603389 -0.4212679953 1 frame_0095_left.jpg

385 0.0389514393 0.0157458294 0.9990989660 -0.0060091857 1.5381577902 -0.0340432688 -0.4374349514 1 frame_0096_front.jpg

386 0.6789268271 -0.0068848468 -0.7340124808 0.0153831188 1.5381577902 -0.0340432688 -0.4374349514 1 frame_0096_right.jpg

387 0.9990989660 0.0060091857 -0.0389514393 0.0157458294 1.5381577902 -0.0340432688 -0.4374349514 1 frame_0096_back.jpg

388 0.7340124808 0.0153831188 0.6789268271 0.0068848468 1.5381577902 -0.0340432688 -0.4374349514 1 frame_0096_left.jpg

389 0.0388768926 0.0139049883 0.9991201905 -0.0073541437 1.5368094452 -0.0302127888 -0.4761168892 1 frame_0097_front.jpg

390 0.6789945475 -0.0046321466 -0.7339747763 0.0150324764 1.5368094452 -0.0302127888 -0.4761168892 1 frame_0097_right.jpg

391 0.9991201905 0.0073541437 -0.0388768926 0.0139049883 1.5368094452 -0.0302127888 -0.4761168892 1 frame_0097_back.jpg

392 0.7339747763 0.0150324764 0.6789945475 0.0046321466 1.5368094452 -0.0302127888 -0.4761168892 1 frame_0097_left.jpg

393 0.0316248756 0.0142864142 0.9993499861 -0.0097658029 1.5279714202 -0.0342537502 -0.5367719482 1 frame_0098_front.jpg

394 0.6842849880 -0.0031965550 -0.7290093159 0.0170074858 1.5279714202 -0.0342537502 -0.5367719482 1 frame_0098_right.jpg

395 0.9993499861 0.0097658029 -0.0316248756 0.0142864142 1.5279714202 -0.0342537502 -0.5367719482 1 frame_0098_back.jpg

396 0.7290093159 0.0170074858 0.6842849880 0.0031965550 1.5279714202 -0.0342537502 -0.5367719482 1 frame_0098_left.jpg

397 0.0241243039 0.0141018788 0.9996087937 0.0011893015 1.5182411315 -0.0204768145 -0.6001736433 1 frame_0099_front.jpg

398 0.6897716977 -0.0108124973 -0.7238886155 0.0091305710 1.5182411315 -0.0204768145 -0.6001736433 1 frame_0099_right.jpg

399 0.9996087937 -0.0011893015 -0.0241243039 0.0141018788 1.5182411315 -0.0204768145 -0.6001736433 1 frame_0099_back.jpg

400 0.7238886155 0.0091305710 0.6897716977 0.0108124973 1.5182411315 -0.0204768145 -0.6001736433 1 frame_0099_left.jpg

401 0.0177818338 0.0141917393 0.9997095043 -0.0079566312 1.5085879822 -0.0325400411 -0.6546509469 1 frame_0100_front.jpg

402 0.6943277144 -0.0044088872 -0.7194750249 0.0156612630 1.5085879822 -0.0325400411 -0.6546509469 1 frame_0100_right.jpg

403 0.9997095043 0.0079566312 -0.0177818338 0.0141917393 1.5085879822 -0.0325400411 -0.6546509469 1 frame_0100_back.jpg

404 0.7194750249 0.0156612630 0.6943277144 0.0044088872 1.5085879822 -0.0325400411 -0.6546509469 1 frame_0100_left.jpg

405 0.0117973427 0.0106553374 0.9998562297 -0.0058996889 1.5002138182 -0.0192545734 -0.7049391522 1 frame_0101_front.jpg

406 0.6986631393 -0.0033627513 -0.7153471013 0.0117061713 1.5002138182 -0.0192545734 -0.7049391522 1 frame_0101_right.jpg

407 0.9998562297 0.0058996889 -0.0117973427 0.0106553374 1.5002138182 -0.0192545734 -0.7049391522 1 frame_0101_back.jpg

408 0.7153471013 0.0117061713 0.6986631393 0.0033627513 1.5002138182 -0.0192545734 -0.7049391522 1 frame_0101_left.jpg

409 0.0118728350 0.0104506016 0.9998445316 -0.0077931603 1.5003573161 -0.0213571791 -0.7044265056 1 frame_0102_front.jpg

410 0.6986014863 -0.0018790948 -0.7153922106 0.0129002877 1.5003573161 -0.0213571791 -0.7044265056 1 frame_0102_right.jpg

411 0.9998445316 0.0077931603 -0.0118728350 0.0104506016 1.5003573161 -0.0213571791 -0.7044265056 1 frame_0102_back.jpg

412 0.7153922106 0.0129002877 0.6986014863 0.0018790948 1.5003573161 -0.0213571791 -0.7044265056 1 frame_0102_left.jpg

413 0.0118577727 0.0103962299 0.9998446131 -0.0078778924 1.5003703278 -0.0213065452 -0.7044339720 1 frame_0103_front.jpg

414 0.6986121946 -0.0017807335 -0.7153816176 0.0129217558 1.5003703278 -0.0213065452 -0.7044339720 1 frame_0103_right.jpg

415 0.9998446131 0.0078778924 -0.0118577727 0.0103962299 1.5003703278 -0.0213065452 -0.7044339720 1 frame_0103_back.jpg

416 0.7153816176 0.0129217558 0.6986121946 0.0017807335 1.5003703278 -0.0213065452 -0.7044339720 1 frame_0103_left.jpg

